                   ['Burglary', 'Arson'] vs ['Population']
m0 :[[ 218.41018736]]
m1 :[[-4261.21048705]]
b :[[-775.62384543]]
SSE :[[ 30640241.48896405]]
R2 :0.925664594955
T :[[ 5.05478115 -1.87294336 -0.28450018]]
P :[[ 0.0009834   0.09796277  0.7832525 ]]