m0 :[[-0.33631498]]
m1 :[[ 3.33507658]]
b :[[-0.26259546]]
SSE :[[ 1.03372595]]
R2 :0.610717263099
T :[[-0.28123588  3.08332929 -0.25488248]]
P :[[ 0.78666114  0.01773227  0.80614001]]